tFin = 63072000 
msol = 1.98892e30
mjup = 5.9736e24
msat = 1
a = 149598023e3
adapt = false
tol = 30
output = output.out
nsteps = 3000000
sampling = 1
nsel_physics=2
m1 = 1.98892e30
m2 = 5.9736e24


5.9736e24
